128, 0, 0, 0, 0
~
v 5.1946014e-2 -4.425901e-2 -1.114885
v 2.5581986e-2 -0.11827499 -1.112112
v 9.9649996e-2 -0.144615 -1.110986
v 0.126014 -7.059902e-2 -1.113759
v 5.207801e-2 -4.724902e-2 -1.193448
v 2.571401e-2 -0.121264994 -1.190675
v 9.978199e-2 -0.147605 -1.189549
v 0.12614599 -7.358903e-2 -1.192322
v 5.1429003e-2 -4.4174016e-2 -1.113982
v 2.984801e-2 3.1369984e-2 -1.116893
v -4.5752004e-2 9.800017e-3 -1.116199
v -2.4170995e-2 -6.574398e-2 -1.113287
v 5.1560998e-2 -4.7164023e-2 -1.192545
v 2.997899e-2 2.8379977e-2 -1.195457
v -4.5620993e-2 6.8100095e-3 -1.194762
v -2.4039999e-2 -6.873399e-2 -1.191851
v 0.235026 -9.2602015e-2 -1.112833
v 0.19150701 -2.717501e-2 -1.115396
v 0.12603 -7.066703e-2 -1.11385
v 0.16955 -0.13609397 -1.111287
v 0.235158 -9.559202e-2 -1.191396
v 0.191639 -3.0165017e-2 -1.193959
v 0.126162 -7.3656976e-2 -1.192414
v 0.16968101 -0.13908303 -1.189851
v -1.46699995e-2 9.9408984e-2 -1.113509
v 2.8647989e-2 3.3809006e-2 -1.112406
v 9.420401e-2 7.703298e-2 -1.116317
v 5.0884992e-2 0.14263302 -1.11742
v -1.7326996e-2 9.633398e-2 -1.192024
v 2.5992006e-2 3.073299e-2 -1.190921
v 9.154701e-2 7.3957026e-2 -1.194832
v 4.8227996e-2 0.139557 -1.195936
v 0.168724 5.0315976e-2 -1.116791
v 0.19009101 -2.5312006e-2 -1.114551
v 0.265705 -4.0500164e-3 -1.117943
v 0.24433899 7.1578026e-2 -1.120182
v 0.166067 4.7240973e-2 -1.195306
v 0.18743399 -2.838701e-2 -1.193066
v 0.263048 -7.12502e-3 -1.196458
v 0.241682 6.850302e-2 -1.198697
v 0.16817799 5.033201e-2 -1.11768
v 0.194725 0.124238014 -1.121473
v 0.12077001 0.150877 -1.120014
v 9.422299e-2 7.697201e-2 -1.116221
v 0.165521 4.7257006e-2 -1.196195
v 0.19206801 0.12116301 -1.199988
v 0.11811301 0.147802 -1.198529
v 9.1566e-2 7.3897004e-2 -1.194736
vn -0.0017 0.0380 0.9993
vn 0.0017 -0.0380 -0.9993
vn -0.9421 0.3350 -0.0143
vn 0.9421 -0.3350 0.0143
vn 0.3353 0.9414 -0.0353
vn -0.3353 -0.9414 0.0353
vn -0.0017 0.0380 0.9993
vn 0.0017 -0.0380 -0.9993
vn 0.9616 0.2744 -0.0088
vn -0.9616 -0.2744 0.0088
vn -0.2745 0.9609 -0.0370
vn 0.2745 -0.9609 0.0370
vn -0.0017 0.0380 0.9993
vn 0.0017 -0.0380 -0.9993
vn -0.5535 0.8322 -0.0326
vn 0.5535 -0.8322 0.0326
vn 0.8328 0.5532 -0.0197
vn -0.8328 -0.5532 0.0197
vn 0.0338 0.0391 0.9987
vn -0.0338 -0.0391 -0.9987
vn -0.8338 -0.5498 0.0497
vn 0.5510 -0.8344 0.0140
vn 0.8338 0.5498 -0.0497
vn -0.5510 0.8344 -0.0140
vn 0.0338 0.0391 0.9987
vn -0.0338 -0.0391 -0.9987
vn -0.9618 -0.2704 0.0431
vn 0.2718 -0.9619 0.0285
vn -0.2718 0.9619 -0.0285
vn 0.9618 0.2704 -0.0431
vn 0.0338 0.0391 0.9987
vn -0.0338 -0.0391 -0.9987
vn 0.3377 0.9400 -0.0482
vn -0.3377 -0.9400 0.0482
vn 0.9407 -0.3388 -0.0186
vn -0.9407 0.3388 0.0186
usemtl White_paint
f 1//1 2//1 3//1 4//1
f 5//2 8//2 7//2 6//2
f 1//3 5//3 6//3 2//3
f 3//4 7//4 8//4 4//4
f 5//5 1//5 4//5 8//5
f 9//7 10//7 11//7 12//7
f 13//8 16//8 15//8 14//8
f 9//9 13//9 14//9 10//9
f 11//10 15//10 16//10 12//10
f 17//13 18//13 19//13 20//13
f 21//14 24//14 23//14 22//14
f 18//15 22//15 23//15 19//15
f 21//16 17//16 20//16 24//16
f 25//19 26//19 27//19 28//19
f 29//20 32//20 31//20 30//20
f 25//21 29//21 30//21 26//21
f 26//22 30//22 31//22 27//22
f 27//23 31//23 32//23 28//23
f 33//25 34//25 35//25 36//25
f 37//26 40//26 39//26 38//26
f 33//27 37//27 38//27 34//27
f 34//28 38//28 39//28 35//28
f 37//29 33//29 36//29 40//29
f 41//31 42//31 43//31 44//31
f 45//32 48//32 47//32 46//32
f 42//33 46//33 47//33 43//33
f 45//34 41//34 44//34 48//34
usemtl Blue_paint
f 2//6 6//6 7//6 3//6
f 10//11 14//11 15//11 11//11
f 13//12 9//12 12//12 16//12
f 17//17 21//17 22//17 18//17
f 19//18 23//18 24//18 20//18
f 29//24 25//24 28//24 32//24
f 35//30 39//30 40//30 36//30
f 41//35 45//35 46//35 42//35
f 43//36 47//36 48//36 44//36